id,nombre,vac1dosis,vac2dosis,sinVacunar
7,Sweden,16,33,51
12,France,13,33,54
29,Nigeria,59,35,6
36,Greece,40,33,27
44,Marshall Islands,16,38,46
48,Argentina,2,38,60
53,Jordan,41,39,20
60,Ecuador,34,35,31
63,Hungary,17,39,44
67,Paraguay,57,38,5
68,Ireland,46,34,20
70,Bolivia,46,39,15
72,Iran,16,40,44
86,Senegal,21,39,40
89,Poland,50,32,18
98,Guatemala,49,39,12
