id,nombre,vac1dosis,vac2dosis,sinVacunar
2,Philippines,15,12,73
3,Albania,14,11,75
4,Canada,5,4,91
7,Sweden,16,33,51
9,Brazil,14,29,57
12,France,13,33,54
17,Indonesia,9,24,67
18,Dominica,25,15,60
30,Barbados,27,1,72
35,Colombia,42,7,51
41,Peru,3,12,85
43,Yemen,23,3,74
46,Serbia,18,10,72
47,Norway,27,16,57
48,Argentina,2,38,60
54,Netherlands,25,10,65
55,Belize,12,22,66
59,Uruguay,7,18,75
65,New Zealand,29,5,66
71,Dominican Republic,25,21,54
73,Afghanistan,15,16,69
88,Mexico,1,18,81
