id,nombre,vac1dosis,vac2dosis,sinVacunar
14,Russia,1,13,86
59,Uruguay,1,19,80
12,France,3,10,87
36,Greece,4,8,88
5,China,6,35,59
76,Myanmar,7,14,79
70,Bolivia,8,32,60
91,Chile,8,23,69
86,Senegal,11,21,68
56,Thailand,13,34,53
6,Mongolia,14,14,72
72,Iran,17,22,61
7,Sweden,17,13,70
46,Serbia,17,2,81
47,Norway,17,29,54
23,Egypt,18,30,52
2,Philippines,22,22,56
24,Poland,25,1,74
13,Czech Republic,26,12,62
30,Barbados,30,5,65
1,Poland,32,17,51
57,United Kingdom,33,4,63
4,Canada,40,1,59
